9657525.0
9950280.0
9968130.0
10013115.0
10065045.0
10730190.0
9266265.0
9946605.0
10643955.0
10500315.0
9568365.0
10522365.0
9311625.0
9808530.0
10499055.0
10370055.0
9228225.0
11099070.0
9929970.0
9646605.0
10211040.0
9018255.0
10473615.0
9393795.0
10265235.0
11281500.0
10839600.0
9397305.0
9925815.0
10778445.0
10042140.0
10551285.0
9705885.0
10529370.0
10650465.0
10304160.0
10035420.0
9814815.0
8967795.0
10396590.0
9926460.0
11453130.0
10745265.0
9374115.0
9828075.0
10267980.0
9871380.0
9543855.0
8739285.0
10455960.0
10144695.0
11453730.0
10505910.0
9675195.0
9663480.0
9941385.0
10163355.0
9927450.0
11121960.0
11847240.0
9559800.0
10282755.0
10349715.0
9784830.0
10218975.0
9411135.0
10020750.0
10651020.0
9886965.0
9731385.0
9378240.0
8950875.0
9808830.0
11431320.0
9929655.0
9444000.0
9919050.0
10134420.0
10040190.0
10396920.0
9489225.0
10116135.0
10418190.0
9775650.0
9761430.0
9990345.0
9897030.0
9627090.0
10318545.0
9949605.0
9725490.0
9503625.0
10200810.0
9968070.0
9520410.0
10032855.0
11117805.0
10037400.0
9677160.0
9305220.0
9676005.0
9893670.0
10180380.0
10888215.0
10416540.0
9908985.0
11314005.0
10703580.0
9321300.0
9616245.0
10733895.0
10943295.0
10191045.0
10166730.0
9969540.0
9800070.0
10041120.0
10532430.0
10591005.0
9949050.0
10366530.0
10616475.0
11078265.0
9567195.0
10307295.0
10160265.0
9816690.0
10283445.0
9993405.0
9299085.0
10145055.0
9734085.0
9475395.0
10213080.0
10264860.0
10177905.0
10492875.0
10351800.0
9663465.0
10269705.0
10173975.0
9790830.0
10403715.0
10275975.0
10543995.0
9602445.0
9210075.0
11333295.0
9568665.0
10131090.0
10285470.0
10100790.0
11319105.0
10046055.0
10593645.0
9360315.0
10216350.0
9688620.0
11491785.0
9608505.0
10399680.0
10174320.0
9721665.0
9733335.0
9834165.0
9396225.0
9395745.0
8964405.0
9794700.0
10311090.0
10587855.0
9834990.0
10681320.0
10222560.0
9935460.0
9927855.0
11266545.0
9898140.0
9731445.0
9949155.0
8768970.0
9104820.0
8925990.0
10489860.0
9410895.0
10984485.0
10294635.0
9656760.0
9996735.0
10429350.0
10251030.0
10064265.0
9997455.0
10253520.0
9410775.0
9823335.0
9793665.0
10337115.0
9923355.0
9601980.0
10934985.0
9319395.0
10173015.0
11047185.0
9367590.0
9897465.0
9432645.0
9194220.0
9754620.0
10395555.0
9931935.0
9965160.0
10327230.0
9267435.0
9830745.0
9973740.0
9590235.0
10009635.0
10201530.0
9884100.0
9738915.0
10118520.0
10547550.0
10091175.0
9667140.0
9616425.0
9870030.0
10608165.0
9790620.0
9828885.0
9930675.0
10772310.0
10515855.0
9881100.0
10352370.0
10305015.0
9919170.0
9010425.0
9687885.0
11036130.0
10561080.0
9721740.0
10548165.0
9358065.0
10346835.0
10711620.0
10494510.0
10230765.0
10470225.0
10648980.0
9169980.0
10815885.0
10555950.0
8752920.0
10579950.0
9815400.0
9340035.0
9873690.0
9611205.0
9912690.0
9780120.0
9915795.0
10406370.0
9548655.0
9703860.0
9922200.0
9694470.0
9900945.0
8877735.0
10146510.0
10771800.0
9199245.0
9895185.0
9949305.0
10247010.0
9836550.0
9724110.0
9717495.0
9594870.0
9990840.0
9755790.0
9362355.0
10843350.0
10451025.0
10275300.0
9855510.0
10592160.0
9941895.0
10117935.0
10207620.0
11624595.0
9856860.0
10433790.0
11513040.0
10165800.0
10265970.0
11065680.0
9818505.0
9882225.0
10738230.0
10181250.0
10459215.0
10298115.0
8787210.0
9482130.0
10160235.0
9488760.0
9101640.0
9355500.0
9043605.0
10208250.0
10191885.0
9455190.0
9522810.0
9679890.0
10157925.0
10017840.0
9757965.0
10410660.0
10338315.0
9793230.0
10870965.0
10053840.0
10306020.0
9827655.0
10022025.0
9690165.0
9839235.0
10336860.0
9441060.0
9997380.0
9140955.0
9268680.0
10511445.0
9378015.0
10735380.0
10568865.0
10520895.0
11352945.0
8857440.0
9023865.0
10198125.0
9895905.0
9521730.0
9972015.0
9532815.0
9627090.0
10645995.0
10864110.0
9521730.0
10485480.0
9810975.0
9217710.0
9793095.0
9810270.0
9639060.0
11422920.0
9175095.0
9476940.0
10814340.0
10263885.0
10057740.0
9541815.0
9304035.0
9438840.0
9585090.0
9762690.0
9291150.0
10150395.0
9983775.0
10094190.0
10342950.0
9243225.0
10320195.0
9491910.0
10371435.0
9772965.0
10349430.0
10269840.0
10682580.0
9890580.0
9562125.0
9777990.0
10427250.0
11514645.0
9085950.0
9922785.0
9854880.0
10056300.0
9927315.0
10214085.0
10193910.0
10025745.0
9586275.0
9857940.0
9430725.0
9438555.0
9681015.0
10339170.0
10600050.0
9993315.0
10072395.0
10011060.0
9988590.0
11334285.0
9663015.0
11569995.0
10722930.0
10424895.0
9548550.0
10330215.0
10078845.0
9481470.0
10907385.0
10424115.0
9763020.0
9498030.0
10609920.0
9276030.0
10905825.0
10592850.0
10403535.0
9589455.0
9976410.0
10047135.0
10720485.0
10694235.0
10007070.0
10617780.0
9520110.0
9711015.0
10303620.0
9267270.0
10508895.0
11118525.0
9548595.0
11006910.0
9627480.0
9386025.0
9645615.0
9791340.0
9141165.0
11936595.0
9358215.0
11341080.0
9822960.0
9379200.0
9715680.0
11443260.0
10799895.0
9748185.0
9395940.0
10005165.0
9939120.0
10025940.0
10546140.0
9941025.0
10420440.0
10297710.0
10352580.0
11019465.0
9312285.0
10362300.0
10103115.0
10824375.0
9491115.0
9628305.0
10885365.0
9095355.0
9381795.0
10056105.0
10610310.0
9766860.0
10126470.0
9801090.0
10423035.0
9817365.0
9770655.0
10287420.0
10455015.0
10550325.0
11046795.0
9743565.0
11018145.0
10030320.0
10701405.0
9963765.0
10384080.0
9668355.0
10404885.0
11124405.0
9483000.0
11025360.0
9512415.0
9795645.0
9710895.0
9379860.0
9429390.0
10049610.0
10384965.0
11428005.0
9182295.0
10009275.0
11021325.0
9311475.0
10024650.0
10130850.0
10839360.0
10990140.0
9482880.0
9743220.0
10584075.0
10030200.0
9356055.0
10198515.0
10365345.0
10031070.0
10555650.0
9902490.0
10085805.0
9826725.0
9674430.0
9731025.0
10801845.0
9525885.0
8573205.0
10649910.0
9954870.0
10395705.0
10055940.0
9980460.0
10197420.0
9122490.0
10317180.0
9311490.0
9890595.0
10812285.0
10646715.0
10906110.0
10165005.0
10045110.0
11046600.0
9400995.0
9848955.0
9846690.0
9289245.0
9416955.0
10455225.0
11634795.0
9467670.0
10372020.0
9508920.0
9795885.0
9864660.0
9392295.0
9320535.0
10407615.0
9926445.0
9074085.0
10001115.0
10343085.0
10532610.0
10641315.0
9208860.0
11283840.0
9879075.0
9418110.0
10721280.0
10388385.0
9791010.0
10071330.0
11513325.0
11554995.0
9948105.0
9616935.0
9499950.0
9677475.0
10660170.0
9592875.0
9629415.0
10041990.0
10191690.0
10277070.0
10273140.0
9495840.0
9321165.0
10325040.0
9750330.0
9391560.0
9855540.0
10101615.0
10180020.0
11232465.0
9848475.0
9908355.0
10343865.0
10842225.0
9519405.0
9521145.0
8826645.0
10578495.0
9973905.0
10092015.0
9727920.0
9718950.0
10702485.0
10172805.0
9257880.0
11079810.0
11107530.0
10053840.0
11022675.0
9502920.0
11083050.0
10302855.0
10705635.0
11236020.0
10308945.0
10379100.0
10662945.0
10427970.0
10249110.0
11034450.0
10253385.0
10270185.0
9662970.0
11353935.0
10671645.0
9979605.0
10107465.0
9716640.0
9653475.0
9932730.0
9378315.0
10475385.0
9709005.0
10361880.0
10436250.0
10397235.0
10000725.0
10872270.0
9951900.0
9370575.0
10581675.0
9847500.0
10825005.0
9779865.0
10744695.0
11219835.0
10054800.0
10091790.0
9718125.0
10409145.0
9236445.0
9228480.0
10162245.0
9933990.0
10482675.0
9481860.0
10260255.0
8948580.0
9523365.0
10338555.0
8955030.0
10408065.0
10403520.0
10080525.0
9950460.0
9988665.0
9611910.0
9197910.0
10846065.0
10147725.0
10043340.0
10255620.0
8798325.0
10123230.0
9554625.0
10070340.0
9807150.0
10154970.0
9297480.0
10154910.0
10141275.0
10981170.0
10131030.0
10390305.0
10392945.0
10412790.0
9801105.0
9845205.0
10354770.0
9454140.0
9383235.0
10201425.0
11678445.0
10116585.0
10557840.0
10080990.0
9909690.0
10917525.0
11287620.0
10084410.0
9169320.0
10833945.0
10826130.0
10772955.0
10671675.0
8730060.0
10553850.0
10171755.0
10422285.0
9672375.0
9306975.0
10255320.0
10146420.0
9749640.0
9103725.0
8630160.0
9981795.0
8880750.0
9208245.0
10116150.0
9095130.0
10336155.0
10003395.0
10121775.0
8772795.0
9210840.0
10072335.0
9900690.0
10347105.0
9736395.0
10130340.0
9461730.0
9208905.0
9716940.0
10232460.0
9576390.0
10992555.0
11849730.0
9617265.0
10761780.0
9447330.0
9189915.0
10124100.0
9775785.0
10349820.0
9370575.0
10334190.0
9951000.0
10984110.0
9978120.0
10605105.0
10466880.0
9751965.0
9398670.0
10193040.0
9913800.0
9135015.0
10078335.0
10002960.0
9248790.0
10310190.0
10216350.0
11343945.0
10310520.0
9323265.0
11290830.0
9460905.0
9544395.0
9037860.0
10375860.0
10210155.0
9939210.0
10726500.0
10072275.0
9838335.0
9782910.0
10206675.0
9682065.0
10223325.0
10275630.0
10503720.0
9613950.0
10021335.0
10076655.0
9374175.0
9759150.0
9987210.0
10688460.0
10166340.0
10294020.0
9290040.0
10079355.0
10284075.0
10479255.0
9554505.0
9408195.0
9786255.0
9999315.0
8631375.0
9994230.0
11553375.0
9181185.0
10004250.0
9059595.0
9711360.0
9863880.0
9017430.0
9867075.0
9772740.0
8984415.0
10238625.0
10611225.0
10643895.0
9030990.0
10530390.0
9364830.0
9187695.0
9630810.0
8890575.0
9737955.0
9770025.0
9372690.0
11049450.0
10522920.0
10060785.0
9447675.0
11550105.0
10478895.0
9323115.0
9320655.0
10218810.0
9431640.0
11298960.0
9375075.0
9736440.0
10310775.0
11463570.0
10436055.0
9432990.0
10520445.0
9936285.0
9945780.0
10630230.0
9930870.0
10394985.0
9308085.0
10439760.0
9441705.0
10450815.0
9567105.0
9240900.0
9825465.0
10005075.0
9802470.0
9890775.0
9522705.0
9554745.0
9014070.0
10086060.0
10487940.0
11138880.0
10465740.0
9385125.0
10109790.0
10005300.0
9599985.0
9949290.0
10999665.0
11014335.0
9000795.0
10178580.0
9621960.0
10404240.0
10383720.0
9772875.0
10002675.0
9644670.0
9929970.0
9801090.0
10182855.0
10312440.0
10616070.0
11211570.0
9031680.0
9797205.0
10749810.0
9007155.0
10320120.0
9284235.0
9149355.0
10033785.0
11046030.0
9570720.0
10196835.0
10954230.0
11445690.0
10071495.0
9575175.0
9533130.0
9791070.0
9392925.0
9990735.0
9882855.0
10253775.0
9322095.0
9868440.0
10646880.0
10551540.0
9193755.0
10845615.0
10339395.0
9790620.0
9352485.0
10106730.0
9592395.0
9827295.0
9508695.0
9440550.0
9385125.0
10590765.0
10056390.0
10822170.0
11313420.0
10283745.0
9851925.0
10197345.0
10187385.0
10458135.0
9865335.0
10148415.0
10338210.0
9234090.0
9488910.0
10609875.0
9608445.0
10310985.0
9214710.0
10111200.0
10627200.0
9249195.0
10754295.0
10930560.0
11557230.0
10982190.0
9041055.0
10409160.0
9752610.0
8490285.0
10354065.0
10404975.0
9637755.0
9747690.0
10209510.0
10573320.0
9746145.0
9655770.0
11256870.0
9951105.0
9675885.0
10176480.0
9956040.0
10360545.0
9840090.0
12089415.0
9579795.0
9936525.0
9741540.0
10343670.0
11363925.0
9669330.0
9497250.0
9794775.0
10534395.0
11851500.0
11025975.0
10251330.0
9458670.0
9427035.0
11168520.0
10630725.0
10437555.0
10541235.0
9679860.0
10316235.0
10065780.0
9780945.0
10447275.0
10975650.0
10479750.0
10541670.0
9214770.0
8559675.0
11150610.0
9830685.0
10184115.0
10007475.0
10856160.0
10813995.0
10238340.0
11064150.0
9421080.0
10009215.0
9700065.0
9160170.0
9265200.0
10596615.0
10307775.0
9670110.0
9767985.0
9491985.0
10182885.0
9841650.0
10055220.0
9394800.0
9895545.0
10035270.0
9966870.0
11400045.0
10322910.0
9591840.0
9681555.0
11494785.0
9549720.0
10120860.0
9985725.0
9972615.0
9479220.0
10530885.0
9746955.0
10479585.0
9884865.0
9794430.0
11254590.0
10231215.0
9463680.0
9547500.0
9959655.0
9984930.0
9746730.0
10337550.0
11297205.0
9913050.0
10109115.0
9179685.0
10378275.0
9533370.0
10745670.0
10059270.0
10638195.0
10320585.0
10226865.0
10232340.0
9615795.0
9002925.0
8809410.0
11139330.0
9985290.0
10789920.0
10398900.0
11878650.0
10438140.0
9891150.0
9455190.0
9232245.0
10829340.0
10563690.0
9645015.0
11442705.0
10201995.0
9165780.0
10260645.0
9777690.0
10730970.0
9848025.0
10140045.0
9485475.0
9783840.0
9565260.0
9753000.0
9349410.0
9147720.0
10329720.0
10868610.0
9442230.0
9173685.0
9801030.0
10226205.0
9680925.0
10490355.0
10607970.0
10175670.0
10301550.0
9645375.0
9468015.0
9595065.0
10778730.0
10320045.0
10017795.0
10942830.0
10148625.0
10192620.0
10824225.0
9701670.0
10500405.0
9356475.0
10101930.0
9493365.0
9738435.0
10501980.0
10074390.0
9754590.0
10151760.0
10073385.0
10764195.0
9257175.0
9678600.0
9198975.0
10650435.0
9196545.0
9706635.0
9858300.0
9147645.0
9664455.0
9878775.0
9916500.0
10489095.0
10035210.0
10116000.0
9734100.0
9892785.0
10278405.0
10335840.0
9551160.0
9807495.0
9787215.0
9888930.0
12306915.0
10962630.0
10417410.0
10472655.0
9632085.0
10382595.0
10051830.0
8723370.0
10049385.0
10495920.0
10321650.0
9882360.0
9797985.0
9750150.0
9225900.0
10522740.0
9672750.0
10549860.0
10226715.0
9520215.0
10016910.0
9605535.0
10070895.0
10343160.0
8951055.0
9833280.0
11166330.0
10956885.0
9962160.0
11229540.0
10289760.0
10945995.0
10428480.0
10302090.0
9375345.0
10251285.0
10851030.0
10671090.0
10803300.0
10236975.0
9891000.0
9842265.0
9836745.0
9004845.0
10705650.0
11145240.0
9805830.0
10842210.0
10667325.0
10597515.0
9653115.0
10474665.0
10682505.0
10162770.0
9979635.0
9934350.0
9530340.0
9840240.0
9267615.0
9507660.0
8814885.0
9967590.0
11664480.0
10035975.0
9069690.0
10568040.0
10025535.0
10582860.0
9364635.0
10143690.0
9419580.0
10556160.0
10111140.0
10097430.0
9262530.0
9811560.0
10818195.0
9856230.0
9872535.0
8968455.0
10454445.0
10627785.0
10623765.0
10531380.0
9788910.0
9544185.0
9698325.0
8803455.0
11379600.0
9889740.0
9780945.0
9678945.0
9273135.0
9055590.0
9707355.0
10246245.0
10315500.0
9217110.0
9874680.0
10189305.0
9932970.0
10379670.0
10532265.0
9649290.0
10748580.0
8987775.0
9761385.0
9909810.0
10741140.0
10682565.0
10841565.0
11770905.0
10526835.0
9979425.0
10935210.0
10033560.0
10188540.0
9032685.0
9851505.0
10152210.0
9411615.0
9768330.0
9943755.0
11425725.0
9021135.0
9115545.0
9551130.0
9391905.0
10712730.0
9527655.0
9821280.0
10390755.0
9395055.0
11160495.0
9698025.0
8900400.0
9638055.0
9974085.0
10957830.0
11733840.0
10219350.0
9520545.0
9874395.0
10114830.0
10012875.0
9239250.0
10634160.0
10220280.0
10090275.0
9436515.0
9976560.0
11014680.0
10465440.0
9500595.0
9118500.0
10198815.0
9092220.0
10584330.0
10733775.0
10535370.0
9886815.0
9265140.0
10026690.0
10627020.0
10641990.0
10082835.0
11381775.0
10035855.0
10648410.0
9284280.0
10274985.0
9164055.0
9764685.0
10098240.0
10140885.0
9099300.0
10431750.0
9291930.0
9444720.0
9403935.0
10314510.0
10799355.0
11488200.0
9804060.0
12169470.0
9757230.0
10988775.0
10197750.0
10249305.0
10217040.0
11282475.0
9661590.0
10029345.0
9710505.0
9886905.0
9090480.0
11213610.0
11096445.0
9621465.0
9586755.0
9776025.0
9500940.0
9471465.0
11412240.0
9655275.0
9482790.0
10195020.0
10361580.0
9468990.0
9382305.0
9489735.0
10551570.0
10161120.0
10192410.0
9285675.0
10126305.0
10325925.0
10202385.0
10023765.0
11254515.0
9296550.0
9690675.0
10506255.0
10023075.0
11491530.0
9918615.0
9677895.0
10614105.0
9765585.0
9981630.0
10569405.0
10242165.0
10024215.0
10561080.0
11434680.0
10935990.0
9262035.0
9970800.0
10220025.0
9773010.0
10059675.0
10048860.0
10900155.0
9742785.0
11563245.0
10141290.0
10447110.0
10263060.0
10781685.0
9620325.0
10211835.0
10402965.0
9893355.0
10731195.0
10430220.0
10621695.0
11011575.0
10589790.0
9431220.0
9416535.0
9702480.0
9604980.0
10679820.0
9815700.0
10676265.0
9008025.0
9953970.0
8534895.0
9819060.0
9864135.0
10175415.0
9499185.0
10856325.0
10981650.0
10896960.0
10130430.0
9975090.0
10593885.0
10799790.0
9381615.0
11296170.0
9561855.0
9729825.0
9926205.0
10030890.0
9790275.0
10436415.0
10023435.0
10398165.0
9312180.0
10494075.0
10014300.0
10993680.0
10112130.0
9147930.0
11090745.0
10669560.0
10647900.0
9539565.0
10939890.0
10634205.0
9775680.0
11223945.0
10040430.0
9544350.0
9019470.0
9810285.0
9475470.0
10368105.0
9937065.0
9081210.0
9095055.0
9913680.0
9731415.0
9221370.0
10018335.0
10876245.0
10312245.0
9922440.0
10223925.0
9730875.0
10459365.0
10961175.0
9312060.0
10159275.0
10186155.0
9744180.0
10008795.0
10370580.0
9354960.0
9773040.0
9937980.0
11164470.0
10636260.0
9616950.0
10097175.0
9031935.0
9967035.0
9260220.0
10227000.0
10266435.0
10902270.0
10302870.0
8974860.0
10119030.0
8909355.0
10140135.0
9116055.0
10031370.0
10832580.0
9753330.0
10594215.0
9797190.0
9426480.0
10717785.0
10085820.0
9397320.0
10666440.0
10026660.0
9397005.0
10444455.0
9712845.0
10524150.0
11379195.0
11331000.0
10762695.0
10270230.0
10250925.0
10611195.0
9437520.0
10087995.0
10343340.0
11380860.0
9998730.0
9738165.0
10344150.0
10328820.0
9506235.0
9979050.0
9843180.0
10128705.0
9283875.0
10549335.0
11547780.0
10331940.0
10847130.0
9515760.0
10046175.0
10218210.0
9669495.0
9935565.0
9441705.0
9832920.0
9737910.0
9183825.0
10086225.0
10481520.0
10025340.0
9986985.0
10287360.0
10004490.0
10225500.0
9678465.0
9184875.0
9415755.0
11236140.0
9359025.0
9619815.0
10938990.0
11732805.0
10336005.0
10092360.0
9068940.0
9094995.0
9706995.0
10208040.0
10143480.0
9451365.0
10763700.0
10087530.0
10034745.0
10241955.0
10695405.0
9951045.0
9824985.0
9643410.0
8940645.0
10216995.0
10334535.0
10159455.0
10141875.0
10599555.0
10960320.0
9025200.0
9361230.0
9835125.0
10135095.0
9519795.0
9580515.0
9306345.0
9866385.0
10647870.0
10551030.0
10588905.0
9779595.0
10182000.0
11451930.0
10355655.0
9339135.0
10538010.0
10000065.0
9784245.0
10473585.0
10006590.0
9673185.0
9497535.0
10759005.0
9456450.0
11047710.0
9793950.0
9823470.0
9649290.0
10072455.0
9905610.0
9476205.0
11227575.0
8910240.0
10287285.0
9886170.0
10169940.0
10152435.0
9238140.0
10097805.0
10405575.0
9751860.0
9117975.0
9812655.0
10964700.0
9849030.0
9622215.0
10036905.0
9861810.0
10214835.0
9897705.0
9883785.0
10414665.0
9872430.0
11215425.0
10035285.0
10514160.0
9600285.0
11069670.0
10470630.0
9761055.0
10441005.0
9081045.0
10051035.0
10816455.0
9371625.0
10149765.0
10158300.0
10485435.0
10235385.0
9300705.0
9253695.0
10833450.0
10610790.0
9573315.0
9724590.0
10144410.0
11375655.0
9754185.0
9177240.0
9412425.0
10121955.0
10292295.0
9844110.0
10345245.0
9728490.0
9688710.0
10444845.0
11080965.0
10440420.0
9876570.0
9394425.0
10911330.0
10316115.0
9356100.0
10294110.0
9120210.0
9209565.0
9034050.0
10291755.0
9897960.0
9873135.0
9993735.0
10046820.0
11013045.0
10270485.0
10002750.0
10422525.0
9791760.0
9428490.0
9562500.0
8490840.0
9576795.0
9525690.0
9886890.0
9618570.0
9315120.0
9838545.0
9583665.0
9847725.0
9794670.0
9507300.0
10080525.0
10574115.0
11307270.0
9455280.0
10757385.0
10262730.0
9855525.0
10273065.0
10569780.0
10403490.0
9040665.0
8826540.0
9935640.0
9982635.0
11113215.0
10335960.0
8948115.0
10760145.0
10484010.0
11013555.0
9341715.0
8959380.0
10374945.0
11335725.0
10339965.0
9421665.0
9206220.0
10342830.0
9818850.0
9602670.0
9439995.0
11067615.0
10210155.0
10398735.0
9630240.0
10609395.0
9398115.0
9848850.0
11035980.0
9515055.0
9434550.0
9916365.0
10419375.0
10286310.0
9324045.0
9957540.0
10344420.0
10261440.0
11127075.0
9919455.0
10286040.0
9353685.0
10201935.0
9778710.0
10532085.0
10153635.0
9381480.0
9164070.0
9391245.0
9710130.0
8931360.0
9299835.0
9167205.0
9956025.0
9216825.0
10170705.0
9120120.0
9695340.0
10114590.0
10960260.0
9412545.0
10411695.0
9924150.0
9129675.0
10354365.0
10225830.0
9915165.0
10167435.0
10800405.0
10099755.0
9822045.0
9780480.0
9445665.0
10464195.0
9131010.0
11233485.0
9801300.0
9268635.0
8712285.0
10209690.0
9837615.0
10606740.0
10921335.0
10627365.0
9243075.0
10096305.0
10466760.0
10274055.0
10714680.0
10324815.0
9461940.0
10514610.0
10183485.0
10402710.0
10516770.0
10847175.0
9367020.0
9704445.0
10004820.0
10143795.0
9814770.0
11018580.0
10199190.0
8900985.0
10248045.0
9037890.0
9469860.0
9287970.0
10689060.0
10380285.0
10243680.0
9999960.0
10744605.0
10466505.0
11423520.0
9903210.0
9757905.0
9820185.0
10284600.0
9076950.0
10626345.0
9794625.0
9695250.0
8913075.0
9427980.0
9385050.0
10196985.0
9195525.0
9669975.0
10603680.0
10247685.0
10463490.0
9736935.0
9297570.0
9176655.0
9262440.0
11188500.0
9741150.0
10143165.0
10693605.0
8858325.0
10169760.0
9430740.0
10556895.0
9004635.0
10013565.0
10758210.0
9754680.0
9159000.0
10099455.0
10015380.0
10584315.0
11782185.0
10121970.0
10510170.0
10353705.0
10049055.0
10193865.0
9845025.0
10133220.0
9606990.0
10954440.0
9104415.0
8743260.0
9516675.0
10348980.0
10026180.0
10488015.0
9887295.0
10156545.0
9887160.0
9275115.0
10447530.0
10422900.0
10025610.0
11525265.0
9761790.0
11504340.0
9795255.0
10681500.0
10350570.0
10262340.0
9264705.0
9059205.0
9892995.0
9759255.0
11426925.0
9576690.0
10904295.0
9813285.0
10759320.0
8386635.0
9634155.0
11319660.0
10324590.0
10263645.0
10029765.0
10902600.0
10682700.0
11293710.0
9782205.0
9759075.0
9844545.0
9544530.0
10993770.0
10762200.0
10376220.0
9460515.0
9563940.0
9947025.0
9532650.0
10502670.0
9496230.0
10517760.0
10825755.0
10732815.0
9918480.0
10100970.0
9496335.0
10372770.0
9863880.0
9394050.0
10732170.0
10778820.0
9778110.0
10615890.0
10582815.0
10247550.0
9707835.0
10669365.0
9139725.0
9392385.0
9888600.0
10490550.0
10433775.0
9643155.0
10359225.0
10670370.0
10066350.0
10517820.0
10973400.0
10743270.0
9937020.0
11666970.0
9724890.0
10347570.0
10692345.0
10466865.0
10923240.0
10398900.0
9579375.0
10214475.0
9995670.0
9116895.0
10277205.0
10522170.0
10627440.0
9877920.0
9683655.0
10330140.0
8260785.0
9371550.0
9179460.0
9964500.0
9584610.0
9683955.0
11536605.0
10266390.0
9791970.0
10005405.0
10017885.0
9454740.0
9598680.0
10475970.0
10694685.0
9965775.0
10762860.0
10240905.0
11245185.0
10921770.0
9578295.0
9997515.0
9744105.0
9864435.0
10339860.0
9863235.0
10183800.0
9804315.0
9463695.0
10680855.0
9190005.0
9772110.0
9876270.0
9993330.0
10007070.0
10349685.0
10206960.0
10131165.0
9791475.0
9470610.0
10297020.0
9099900.0
9427755.0
8910480.0
9582810.0
10566315.0
9978135.0
10685040.0
9930435.0
9668805.0
9770940.0
11284140.0
9457860.0
10689885.0
10652445.0
10242180.0
9858750.0
10909950.0
9476280.0
9531135.0
8902440.0
9363735.0
12354345.0
10823895.0
9577440.0
9475080.0
9718260.0
9912105.0
10155765.0
10530795.0
9114780.0
9902475.0
10036110.0
9572235.0
9559515.0
10226565.0
9270435.0
9607050.0
10376220.0
10669395.0
10162455.0
10109835.0
11006160.0
10322955.0
9837150.0
9022095.0
10121265.0
9904485.0
10004925.0
10496250.0
9303180.0
9600630.0
9148305.0
10754565.0
10462650.0
9753960.0
10191015.0
9391680.0
9962745.0
9589560.0
10311435.0
10200825.0
10591605.0
9653370.0
10083270.0
8884905.0
9678990.0
9562155.0
9822045.0
10464075.0
10952610.0
9641670.0
10157775.0
10144845.0
9964905.0
10232700.0
9816615.0
8738370.0
10306050.0
10229355.0
9882390.0
10097445.0
9937920.0
8996760.0
9787680.0
10083135.0
10426785.0
10041915.0
9193530.0
10936515.0
10069425.0
10113360.0
9393870.0
9613815.0
9595455.0
10818780.0
10917525.0
10083195.0
9715785.0
9062595.0
10965690.0
8904000.0
9039840.0
10029990.0
10510230.0
10749510.0
8681085.0
10537215.0
10052175.0
9790605.0
9742200.0
9567540.0
9758760.0
10869420.0
10206225.0
9709845.0
9910005.0
10101450.0
10293165.0
9953970.0
11701110.0
9502020.0
8999835.0
9751920.0
9749355.0
9930360.0
10636725.0
10173315.0
11229510.0
10763580.0
9494730.0
9186825.0
10071465.0
9102900.0
9649530.0
9640065.0
11859810.0
10106145.0
10451910.0
10007445.0
9680010.0
10068855.0
9005535.0
10353465.0
10306395.0
10608615.0
9658005.0
9536670.0
10558425.0
9157575.0
9789390.0
10340580.0
11026995.0
9675150.0
9791025.0
9748560.0
10573785.0
8873340.0
9823605.0
9377580.0
10655115.0
10162395.0
10820685.0
9495780.0
8772240.0
10309680.0
9942165.0
9826260.0
9537555.0
10783470.0
9453450.0
10509075.0
9313605.0
9925305.0
9890265.0
9938595.0
9948405.0
10408440.0
10076280.0
9225315.0
9941445.0
10644735.0
11026290.0
9378645.0
10510500.0
11144490.0
9249000.0
10246485.0
9559590.0
10128855.0
10769535.0
9756945.0
9131175.0
10624830.0
9355635.0
9992460.0
10590555.0
10140300.0
10211700.0
10262145.0
9856425.0
9604650.0
10227810.0
10651185.0
9357855.0
10529535.0
10560630.0
9385140.0
9125415.0
9529425.0
9638475.0
9958095.0
10188195.0
9446640.0
11010390.0
9001230.0
10148715.0
9903240.0
9686790.0
10142100.0
10832415.0
9259890.0
9839085.0
9732345.0
9853605.0
10214085.0
9822240.0
10476600.0
10052640.0
9644925.0
9564690.0
9665250.0
9739665.0
10448940.0
10133430.0
9666510.0
10639650.0
9450120.0
11207700.0
9609420.0
9659520.0
10145805.0
9631830.0
9977580.0
10793955.0
9207825.0
10775760.0
10060065.0
9923385.0
9223755.0
9792450.0
9794250.0
9738780.0
9497475.0
9298335.0
9762420.0
9770955.0
10524465.0
9074880.0
9831585.0
10357890.0
9507855.0
10099770.0
9520620.0
9821280.0
10089120.0
10684590.0
9636060.0
10199745.0
9980070.0
8885745.0
10362945.0
10671345.0
9625650.0
9527550.0
10156320.0
9990705.0
9432510.0
9676230.0
9765285.0
9560085.0
8911440.0
10438545.0
9648120.0
10364190.0
10313715.0
9457530.0
10485045.0
10107345.0
10052580.0
10597140.0
9616125.0
10240980.0
10204110.0
9377400.0
10191195.0
10183005.0
9688305.0
10116360.0
9932730.0
9477465.0
9553260.0
10094580.0
9891600.0
8893050.0
10647615.0
10781760.0
10062585.0
9895125.0
10645185.0
9731130.0
9842325.0
9678720.0
8860335.0
10099680.0
10352250.0
11230950.0
10255590.0
9787815.0
8899425.0
10052085.0
9946905.0
10308150.0
10457460.0
9390105.0
10294080.0
9380820.0
10230420.0
11037495.0
10614255.0
10226460.0
9826875.0
10136940.0
11304480.0
10629135.0
9933150.0
10508745.0
10075095.0
8750355.0
9292680.0
10596360.0
9250755.0
9949455.0
10144380.0
10215015.0
10610145.0
8927370.0
11046150.0
10457955.0
9868365.0
10036665.0
11661780.0
9827280.0
10132350.0
9846975.0
9895530.0
11515575.0
10965030.0
10690770.0
10051245.0
10536735.0
9993870.0
9353685.0
10096335.0
10699365.0
9242100.0
10214940.0
10453500.0
10005735.0
10770045.0
10532865.0
9371820.0
9756585.0
9228705.0
9943545.0
9712005.0
9198705.0
10267500.0
9664980.0
10105050.0
10415805.0
10077855.0
10825665.0
9724575.0
11557740.0
9707235.0
9691740.0
10279635.0
10052265.0
8921445.0
9485520.0
10373550.0
10396260.0
10743555.0
10915305.0
9725430.0
11036040.0
9839370.0
10160565.0
9346020.0
9647070.0
9475065.0
9331980.0
8839515.0
9926655.0
10897455.0
9334365.0
9839655.0
10570470.0
9409065.0
10642515.0
10578960.0
10250685.0
9465315.0
10155510.0
8902545.0
10576845.0
9839025.0
10466880.0
10051800.0
9426165.0
9255885.0
10685445.0
10331280.0
10497255.0
10771170.0
10878000.0
9626985.0
11374455.0
8887725.0
10222125.0
10795155.0
9822570.0
10903245.0
10121955.0
9393915.0
11074125.0
9389100.0
10258215.0
11016330.0
9624480.0
9460530.0
10708545.0
9825975.0
9504240.0
9106170.0
11002590.0
10371495.0
9139110.0
9359985.0
11612550.0
9934005.0
9794670.0
10986240.0
9848400.0
9916695.0
10222650.0
8462940.0
10206135.0
10801125.0
10610145.0
9313095.0
10329510.0
10247070.0
10177245.0
9884235.0
9503775.0
10157430.0
9920175.0
10093875.0
10431705.0
9813795.0
9307935.0
9373020.0
10035960.0
10729440.0
10499280.0
9335280.0
9734775.0
10496490.0
9560490.0
9823530.0
10767390.0
9374190.0
9582240.0
10127145.0
9820155.0
10179330.0
9627255.0
11207430.0
10028475.0
9322095.0
9813000.0
10130625.0
9704010.0
11321985.0
11532555.0
10615710.0
10022505.0
10615710.0
10177485.0
9356745.0
10038855.0
11123865.0
9238335.0
10484595.0
9624615.0
9199020.0
10920480.0
9234465.0
10944105.0
10077690.0
10070805.0
10183500.0
9860475.0
10289610.0
10505415.0
9511695.0
10099575.0
9873120.0
9525705.0
10045695.0
9331080.0
10875255.0
9724410.0
11195460.0
9422025.0
9213180.0
10462665.0
9736290.0
10778970.0
9890295.0
10743300.0
9588360.0
10229625.0
10127910.0
9800040.0
10466835.0
10927500.0
9101145.0
10055490.0
9796965.0
10148355.0
10219320.0
10013010.0
9373230.0
10030635.0
9436215.0
10075755.0
9294660.0
9648525.0
9421275.0
10749450.0
10535565.0
9793095.0
10060815.0
10135395.0
11273010.0
10382985.0
9926025.0
9827160.0
10174500.0
9964425.0
9678045.0
10389060.0
9859260.0
9407220.0
9753420.0
10536720.0
11066355.0
9988140.0
9336300.0
9233175.0
10083795.0
10062000.0
10322610.0
10356390.0
9749190.0
9321795.0
9794460.0
10738245.0
9588315.0
8753610.0
9877335.0
9732030.0
11880735.0
9639195.0
11185290.0
9848790.0
11397315.0
10154850.0
10881810.0
9906765.0
9149475.0
10053765.0
10034160.0
10630080.0
9817350.0
10460715.0
10450140.0
10948500.0
11334060.0
9176625.0
9605325.0
10672545.0
9990570.0
8822445.0
9235875.0
10925175.0
10548315.0
10708905.0
10090275.0
9506355.0
9224595.0
10486080.0
9929895.0
10933965.0
9303375.0
9926100.0
9214575.0
9975315.0
10767870.0
10163265.0
9883740.0
10038135.0
10758585.0
9905160.0
8904270.0
9412125.0
9902025.0
9768360.0
10533480.0
10234680.0
10313130.0
8478750.0
10562880.0
9027495.0
10697790.0
9671565.0
10087020.0
10417305.0
9586710.0
11141190.0
9947895.0
10027560.0
9961110.0
10903440.0
10808010.0
11105535.0
10088265.0
11302200.0
10227120.0
9722940.0
9365295.0
9403560.0
10002330.0
10424430.0
9938655.0
9647370.0
10168005.0
9573180.0
9474150.0
10755690.0
10330755.0
10410390.0
10237140.0
10274295.0
10481400.0
9615150.0
10077000.0
11248935.0
11406180.0
10056015.0
9032790.0
10811070.0
10064295.0
9724470.0
9983355.0
11091375.0
9261690.0
11063040.0
9983175.0
10070580.0
10338525.0
10108695.0
10362705.0
10067985.0
11638305.0
10469610.0
10439820.0
9216315.0
10335690.0
9693150.0
10771260.0
9894840.0
9635610.0
10014720.0
9853455.0
11737200.0
9779115.0
10560390.0
10230225.0
11035485.0
9862530.0
9480195.0
10053885.0
10591365.0
9537135.0
10042920.0
9805305.0
10676865.0
8708835.0
9724545.0
10338435.0
11318115.0
9957105.0
10054230.0
9374055.0
9543690.0
8998590.0
8960670.0
9565095.0
10435635.0
8957610.0
10309980.0
10214040.0
10420710.0
10572285.0
9568575.0
10152810.0
9804615.0
10450605.0
10239285.0
9945090.0
9292125.0
10358100.0
9326100.0
10104825.0
9991770.0
10510305.0
8627175.0
9794310.0
9200775.0
10600665.0
9958245.0
9693285.0
11174535.0
10515135.0
9875535.0
10173120.0
10116240.0
9735345.0
10326555.0
10493160.0
10342170.0
9374910.0
9515235.0
10972770.0
10194870.0
11090610.0
10077420.0
11284440.0
12154665.0
9717000.0
10631910.0
9335385.0
9095985.0
9656175.0
8921265.0
9583800.0
10222770.0
10060455.0
10336275.0
10244295.0
10368960.0
10443465.0
9837900.0
9976020.0
9503235.0
9250305.0
9513285.0
10632825.0
10934235.0
11044650.0
9407520.0
10684620.0
11933565.0
10206210.0
10268700.0
9607005.0
9459795.0
9544515.0
9794475.0
10218165.0
10127445.0
9907755.0
10290615.0
9760650.0
10016925.0
9370110.0
9673290.0
10814040.0
10262925.0
9343980.0
9849690.0
10308000.0
10135560.0
9943410.0
10003470.0
10995180.0
9422850.0
11280585.0
11457075.0
9581385.0
9356205.0
9639435.0
9499500.0
9461970.0
9373815.0
9590775.0
10067400.0
9281415.0
9246090.0
9426570.0
9794430.0
11330730.0
10083435.0
10330020.0
10176495.0
10174440.0
10376745.0
10022160.0
11056380.0
10489140.0
10798965.0
10218780.0
8954985.0
10076115.0
9160605.0
10150605.0
9228150.0
11620380.0
10495035.0
9898050.0
10114920.0
9759960.0
9238605.0
10000125.0
9846885.0
8486250.0
10232640.0
9299850.0
10936665.0
10289565.0
9994350.0
10375710.0
10044420.0
10348140.0
9492780.0
9662820.0
9590115.0
10010265.0
9650790.0
9220515.0
10950570.0
9091710.0
8936670.0
10042935.0
9440475.0
10480230.0
10248030.0
9456270.0
10448055.0
10447635.0
10006035.0
9808335.0
9953325.0
10350840.0
8833410.0
9941310.0
9747885.0
9971415.0
9521715.0
10421745.0
9830205.0
10341525.0
9404580.0
10386240.0
10892250.0
10095465.0
9082455.0
9672675.0
8864445.0
10737540.0
9544575.0
9665940.0
9912405.0
9445725.0
10864140.0
9510660.0
11309265.0
10489230.0
9748680.0
9613725.0
9211620.0
10562325.0
10517190.0
9853965.0
9434265.0
8715210.0
8751885.0
9447795.0
10164645.0
9825495.0
10658370.0
9774810.0
8568885.0
9927660.0
9781050.0
10424040.0
10074225.0
9307290.0
9363630.0
11110620.0
9676410.0
10431765.0
10106925.0
10368360.0
9998445.0
9918675.0
9672315.0
9769005.0
10652250.0
10438050.0
10633335.0
9927210.0
10490175.0
9252300.0
9451320.0
9725205.0
10477560.0
9257430.0
9817350.0
10086330.0
10094145.0
9748740.0
10492395.0
9910605.0
9638235.0
9542055.0
11126775.0
9101655.0
10198215.0
10237710.0
9202545.0
11315625.0
10447260.0
10132380.0
9953460.0
9924075.0
10442250.0
9962340.0
9976800.0
9907035.0
9750315.0
10028595.0
10940400.0
9844410.0
10482105.0
9987630.0
9261030.0
9338850.0
10911150.0
9320445.0
8924430.0
11003190.0
9959190.0
9001740.0
9674205.0
10156755.0
10399245.0
9440865.0
9549135.0
9949245.0
10119540.0
9504525.0
11167770.0
11154690.0
9722415.0
9179790.0
10668585.0
10460610.0
9399930.0
9109515.0
10732425.0
9572565.0
10665615.0
8998050.0
9760320.0
10485000.0
10123095.0
10498470.0
10098570.0
10190700.0
9349155.0
9372015.0
9768975.0
10439385.0
9961200.0
10730310.0
9371565.0
9982650.0
9871890.0
11141550.0
10125300.0
9442575.0
8994660.0
10063485.0
8758740.0
9978420.0
9628695.0
9675990.0
10130925.0
8669820.0
9468495.0
9018270.0
9249765.0
10034925.0
10378485.0
10455405.0
9789495.0
9730935.0
10845300.0
9578745.0
8710215.0
9358545.0
10241925.0
9376965.0
8546640.0
11369655.0
10206330.0
9863280.0
10145400.0
9643035.0
10613130.0
11089065.0
10564035.0
9264435.0
10622670.0
10503705.0
10325010.0
10646475.0
10451970.0
9964830.0
10555245.0
9620415.0
9995055.0
10222515.0
9420855.0
9388575.0
10809135.0
9955455.0
10003350.0
10241295.0
10116450.0
10632045.0
11412375.0
10683285.0
10884060.0
11042325.0
9486765.0
9506160.0
9828270.0
10751685.0
10366185.0
9715830.0
9590250.0
9318435.0
9296085.0
10132200.0
9474660.0
10560960.0
9912345.0
10153785.0
10749030.0
10181250.0
9998610.0
9057930.0
9817785.0
9939345.0
9886695.0
11096370.0
9547965.0
8967990.0
9561255.0
9883230.0
11392365.0
9413880.0
10255215.0
10222470.0
9629010.0
8999295.0
10252065.0
10367535.0
9246870.0
9771900.0
9199005.0
9472845.0
9810000.0
9896340.0
9355995.0
9260985.0
9601425.0
9506640.0
10361655.0
9019440.0
9703890.0
10402710.0
9643485.0
10696425.0
9603060.0
9531000.0
9702135.0
10732335.0
10933740.0
11807310.0
11170275.0
10001640.0
10569930.0
10179915.0
10861050.0
9661815.0
9773340.0
9316245.0
9194085.0
9293610.0
10756035.0
9202815.0
9984510.0
10197735.0
9909405.0
9341235.0
10143915.0
9730395.0
10541820.0
9855525.0
10409415.0
9927840.0
9277665.0
9119865.0
9152715.0
11214255.0
9695355.0
8946930.0
9880875.0
11115855.0
9645600.0
9270180.0
9267450.0
11194365.0
10017225.0
9343410.0
9788040.0
10362405.0
11117775.0
10259595.0
9540510.0
10176135.0
10195095.0
10792065.0
9982455.0
10049745.0
10112715.0
9699195.0
9850785.0
9650955.0
11072265.0
9847125.0
11368680.0
10345230.0
10373400.0
10006275.0
10741590.0
9367605.0
9900615.0
9528150.0
9834630.0
9943950.0
9712035.0
10550655.0
9739170.0
10009710.0
9667350.0
9102885.0
11059275.0
9805650.0
10754415.0
9739290.0
10676445.0
9736875.0
9368445.0
10786320.0
10632735.0
9755745.0
9860175.0
10298250.0
9243150.0
10689705.0
9831390.0
9781785.0
10388805.0
10061265.0
10395795.0
10584765.0
9567675.0
9292785.0
9468510.0
9899175.0
9757440.0
9863130.0
9928500.0
11339310.0
9939765.0
9970290.0
10640715.0
9675585.0
10527270.0
10426920.0
9428790.0
9024855.0
10581435.0
10804905.0
9133980.0
9383835.0
10355820.0
9632055.0
8889615.0
8822595.0
10069200.0
9951615.0
9421305.0
10454655.0
8935545.0
10052565.0
9980820.0
10440780.0
10010910.0
10663770.0
9663735.0
10793430.0
9982965.0
9264705.0
10502535.0
10322025.0
9971490.0
10104000.0
10338420.0
8828790.0
9747225.0
10603695.0
9915090.0
10011645.0
9625215.0
10202460.0
9785625.0
9361800.0
9578880.0
9986880.0
9696450.0
9901155.0
8954550.0
11015355.0
9288315.0
9754455.0
10202775.0
9839250.0
9933765.0
9590445.0
9700365.0
11002140.0
10445235.0
11226780.0
9659925.0
9638775.0
9166905.0
9523125.0
9815205.0
9995835.0
9935475.0
10468290.0
9869175.0
9664695.0
9466875.0
10652010.0
9584925.0
9338760.0
11319405.0
9365715.0
9873945.0
9851595.0
9328320.0
9210300.0
10557225.0
9322365.0
9491790.0
9750975.0
10366515.0
9903645.0
10423335.0
11021880.0
10163355.0
10251570.0
10152630.0
9727785.0
9872445.0
10398600.0
9980415.0
9033105.0
10851615.0
9946110.0
9003420.0
9338460.0
9379515.0
10346250.0
9435885.0
10691820.0
8896455.0
10020975.0
10362090.0
9758295.0
9798510.0
10682130.0
9747375.0
9616800.0
10600830.0
10587240.0
10434045.0
9564330.0
10562040.0
10714785.0
9940920.0
9631965.0
9681510.0
9888120.0
10451865.0
10161705.0
10347570.0
10738935.0
10133610.0
11136615.0
10406745.0
8940900.0
9537015.0
9585045.0
10038195.0
10194855.0
10270935.0
9167280.0
11028990.0
10267410.0
10625400.0
10691820.0
9983625.0
10135485.0
9524865.0
9687405.0
11364930.0
9863700.0
9925170.0
10176735.0
11722755.0
9288420.0
9960495.0
9960945.0
9758580.0
10013595.0
10813740.0
10669995.0
10507560.0
9620880.0
8897835.0
10573215.0
9662115.0
9891435.0
8481915.0
9122085.0
9999240.0
9665475.0
9707910.0
9762015.0
11552670.0
9513795.0
9757995.0
10276845.0
10320330.0
10600320.0
10866405.0
11574090.0
9563205.0
9822615.0
10050570.0
10969365.0
9117885.0
9836085.0
11032815.0
9651615.0
10095495.0
11504295.0
9537705.0
9837435.0
9870105.0
8978730.0
9506130.0
9915150.0
10348260.0
9664380.0
9862380.0
10427670.0
10588890.0
9499785.0
9014400.0
10297830.0
10567320.0
10019730.0
10706565.0
9852060.0
11848800.0
9392955.0
9749070.0
10117755.0
9755055.0
9434250.0
10593495.0
9516855.0
11475330.0
9857520.0
9729660.0
9716475.0
9907995.0
11122605.0
10411560.0
9676185.0
8773740.0
10442910.0
9985365.0
9939690.0
10501830.0
10394295.0
10188930.0
9336705.0
9874680.0
8914620.0
10602870.0
9994110.0
10043805.0
10961115.0
10386765.0
9345015.0
10049820.0
11111025.0
10246140.0
9586725.0
10904085.0
10084725.0
10380870.0
10427565.0
10334325.0
10679130.0
9611940.0
9647475.0
9581850.0
9723675.0
10414710.0
9593505.0
9381900.0
9952005.0
10028145.0
9845055.0
11280750.0
9531615.0
10837965.0
9730350.0
10380825.0
10260525.0
10159740.0
9941085.0
10060995.0
9441075.0
9889890.0
10568100.0
10624605.0
10384470.0
10018995.0
10103640.0
11193120.0
10200360.0
9841755.0
9565755.0
10906650.0
9419775.0
10055280.0
9304560.0
10260615.0
9910515.0
10249380.0
10361835.0
10010250.0
10726470.0
12035550.0
10938720.0
10229145.0
9901755.0
10153785.0
10644570.0
9573435.0
10349955.0
11733090.0
9494700.0
10915470.0
11363415.0
9717615.0
10204245.0
9726600.0
9526935.0
10346445.0
9344220.0
10984845.0
10646565.0
9561390.0
11165535.0
10975755.0
9481920.0
9725925.0
10153425.0
9661290.0
10144155.0
10314375.0
9284775.0
9731310.0
10287960.0
9021825.0
9359220.0
9253380.0
9808980.0
9620445.0
10882575.0
10206330.0
10091550.0
9907320.0
10734885.0
10218090.0
9049620.0
10483620.0
10435365.0
10040130.0
10330590.0
9669285.0
10570065.0
9377295.0
10373385.0
10824555.0
10018665.0
10315380.0
9560715.0
9605880.0
10050210.0
10003485.0
10254540.0
9119430.0
9089355.0
9484920.0
10145460.0
9838530.0
9900840.0
10367160.0
9703500.0
10040760.0
10032990.0
9611295.0
9112770.0
9952035.0
9696105.0
9035085.0
9951960.0
10944585.0
9303555.0
10314330.0
9474570.0
10172445.0
9773505.0
9451380.0
10705260.0
9864540.0
10141290.0
9387255.0
10912830.0
10101840.0
10028205.0
10733730.0
10047945.0
9849375.0
10000260.0
9591405.0
10342455.0
9674340.0
9860535.0
9460845.0
10082355.0
10456245.0
9650715.0
10375110.0
9603990.0
10195095.0
9816915.0
9339705.0
9848220.0
8948295.0
10336140.0
9633000.0
9872325.0
10214925.0
9940230.0
11516445.0
9338535.0
10189560.0
9361860.0
10773990.0
10064955.0
9580170.0
10811025.0
9576405.0
9047220.0
10437195.0
10519350.0
9337770.0
10468830.0
10083540.0
10653720.0
10529130.0
8899230.0
9480120.0
9696375.0
9674595.0
10113060.0
10428270.0
9498330.0
10255215.0
9554535.0
9867540.0
10006320.0
9719790.0
10376895.0
10191180.0
9329835.0
8656635.0
9575505.0
9433455.0
9696000.0
10051515.0
9796950.0
10283820.0
9708795.0
9744900.0
9656835.0
9374430.0
9137175.0
9438030.0
10176915.0
10277970.0
10945905.0
9995295.0
10672995.0
9749160.0
9530160.0
9818985.0
11583600.0
10503810.0
9976290.0
10006560.0
9532215.0
11023815.0
8975715.0
10045245.0
11044305.0
10667535.0
10277595.0
10578225.0
10476780.0
9995715.0
9192540.0
9625800.0
9695115.0
11260110.0
11723745.0
10419765.0
9755955.0
11326380.0
10378575.0
9939870.0
9442710.0
9811155.0
9965400.0
9295410.0
8992155.0
11173845.0
8928390.0
10731720.0
10131690.0
10540590.0
9693060.0
10573245.0
10437450.0
9538980.0
10067880.0
10783020.0
9509130.0
9733350.0
10201050.0
10276575.0
10442925.0
9101520.0
10466670.0
11203050.0
10505880.0
10931490.0
10123635.0
9622980.0
10384755.0
10860915.0
10336035.0
10415640.0
9512415.0
9586950.0
9649395.0
9203310.0
9700890.0
9269085.0
10664670.0
9474000.0
10783260.0
10286010.0
11161950.0
11967135.0
10444410.0
9384900.0
11467155.0
10260030.0
10597185.0
10072545.0
9285465.0
10351440.0
10222440.0
9882315.0
9833835.0
10256670.0
10444125.0
10770345.0
9884265.0
10061340.0
9998760.0
8999070.0
10044465.0
10126605.0
10812375.0
9557730.0
9499890.0
10358805.0
10354410.0
9602145.0
9975675.0
9978315.0
9188520.0
9236205.0
9890715.0
10724745.0
10504980.0
10857330.0
10418790.0
10133295.0
9843195.0
9757590.0
10019505.0
10488435.0
10375155.0
9809400.0
9255960.0
11756640.0
10278210.0
9772440.0
11269590.0
10955475.0
9941400.0
10415790.0
10547505.0
9975720.0
9646755.0
9829215.0
9633810.0
9165345.0
10637460.0
10096545.0
9682710.0
10393410.0
8523495.0
10758390.0
10021065.0
8593560.0
9696645.0
10564815.0
10873290.0
10180830.0
10568970.0
9164865.0
10477485.0
10926195.0
10727865.0
9586005.0
10573785.0
8848275.0
9745965.0
9387735.0
10054965.0
10756905.0
10116840.0
9407115.0
9617970.0
9345630.0
10080885.0
10784820.0
9984150.0
9157860.0
9837780.0
10019235.0
10494465.0
10974330.0
10569105.0
9792390.0
9891015.0
10740210.0
10857585.0
10217130.0
10041300.0
10117440.0
9837780.0
9948285.0
10300350.0
9787065.0
9847575.0
9697050.0
9180510.0
10262295.0
10401300.0
9323025.0
10039035.0
9228330.0
10002720.0
10639500.0
10540425.0
10901895.0
9554835.0
10215015.0
10456800.0
10540920.0
9476115.0
9306540.0
10225530.0
9987735.0
9678975.0
9962910.0
9859650.0
9824790.0
9825615.0
9478995.0
9405210.0
9657990.0
9714630.0
9853725.0
10770315.0
10397175.0
10068225.0
9775215.0
9703455.0
9688830.0
9868575.0
9248220.0
9897090.0
9907545.0
10867905.0
9085725.0
11241240.0
9659220.0
11533590.0
9958965.0
9787680.0
10517910.0
10249350.0
10423665.0
9909555.0
10331055.0
10137060.0
10167705.0
10544145.0
9451395.0
9986640.0
9601050.0
10638945.0
9829590.0
10565145.0
10160490.0
10344660.0
10616250.0
9842820.0
9660630.0
10221240.0
9903435.0
9713175.0
9764835.0
9674670.0
8529855.0
10813380.0
9220320.0
9614565.0
9771390.0
10248975.0
10338510.0
11382720.0
9066885.0
9489390.0
9653160.0
9486420.0
10201005.0
9123900.0
10419885.0
9516090.0
9557760.0
9754260.0
10326210.0
9939345.0
9075960.0
10015095.0
10747440.0
9398430.0
8961885.0
9740100.0
9462990.0
10217655.0
11624745.0
10259655.0
10351155.0
9946380.0
9810240.0
9827700.0
9344880.0
10521555.0
9187995.0
10478610.0
10863540.0
9845115.0
10703115.0
9001470.0
9601995.0
9444540.0
9963690.0
10681455.0
9655710.0
9965775.0
10255590.0
10428030.0
10580235.0
9871635.0
10577325.0
9762645.0
9468855.0
10815510.0
9046815.0
10120665.0
10210500.0
9339900.0
9382995.0
11467695.0
10642845.0
9980925.0
10796010.0
9486870.0
9560205.0
9537285.0
10212660.0
10476135.0
10200315.0
9468285.0
9713700.0
11180535.0
9851310.0
10566945.0
9025230.0
9601455.0
9777885.0
9184950.0
9468345.0
9776925.0
10339710.0
10196250.0
9003735.0
10122450.0
10587615.0
9292065.0
9983895.0
9663615.0
10563165.0
10190790.0
9066120.0
10226760.0
11833920.0
10765590.0
9600645.0
11359725.0
10503765.0
10160670.0
11027205.0
8901420.0
10019595.0
10383360.0
9698385.0
10825260.0
9491400.0
10397115.0
9906390.0
9589710.0
9947475.0
10825275.0
10555305.0
10122960.0
9786990.0
10285755.0
9525930.0
10622310.0
10275000.0
10297320.0
10008765.0
10117935.0
9606195.0
9328110.0
10566360.0
9488640.0
10862010.0
10676730.0
10775625.0
10451025.0
10522515.0
10040325.0
9966585.0
10035285.0
11008965.0
10514970.0
9648915.0
10051590.0
10071660.0
8996355.0
9916410.0
10245705.0
11161530.0
9881055.0
11726655.0
10556070.0
9384195.0
10510830.0
9399915.0
9535350.0
9525255.0
10433010.0
11000835.0
10392840.0
9628260.0
9957960.0
11096130.0
9508440.0
9663615.0
9211575.0
9911580.0
9489975.0
10098360.0
10774155.0
10318950.0
10319145.0
11180130.0
9933525.0
9696810.0
9595545.0
9399705.0
10328940.0
11564070.0
10852515.0
10147560.0
9720405.0
10246125.0
9280590.0
9561405.0
10071045.0
9471090.0
9745305.0
10722675.0
11061285.0
11293455.0
9781365.0
10255050.0
10189035.0
9568515.0
10917585.0
9394425.0
8928030.0
10978680.0
9602625.0
9824730.0
9902865.0
10511835.0
9228135.0
9801585.0
9806010.0
9576405.0
10752360.0
10118970.0
10177935.0
10169025.0
9890955.0
11584620.0
10863870.0
10304205.0
10218600.0
10093665.0
10396320.0
9529680.0
9781905.0
9999840.0
9161100.0
11907420.0
9909570.0
9739200.0
11019060.0
11160585.0
10867695.0
9622110.0
8934420.0
10519260.0
10730685.0
10637040.0
9078195.0
10160565.0
9454320.0
9613905.0
9511425.0
10677000.0
9681300.0
8843685.0
10680150.0
10733655.0
9623760.0
10181295.0
10964820.0
10120635.0
10029120.0
10434780.0
9911190.0
9574365.0
10446570.0
10784880.0
11000625.0
11049675.0
9573690.0
9966405.0
10043550.0
10322235.0
10507110.0
9712815.0
9993975.0
9424065.0
10218315.0
9467055.0
10400880.0
9362310.0
9762975.0
10931265.0
9969000.0
9557505.0
10584045.0
10836585.0
10779540.0
9667830.0
8815515.0
9697770.0
10419720.0
9698610.0
8799900.0
9898320.0
10470825.0
9673920.0
10728210.0
8823165.0
10825845.0
9978975.0
9710310.0
10949700.0
10192995.0
9714690.0
9956295.0
10784430.0
9348615.0
11853690.0
9769890.0
10783065.0
11351535.0
9958395.0
10215285.0
10810005.0
10037205.0
10022175.0
10280085.0
9733290.0
9059985.0
9777060.0
10364025.0
10245015.0
10834305.0
10255140.0
10365855.0
9822165.0
10995645.0
10208025.0
8838825.0
9509325.0
8876865.0
10652190.0
11130030.0
10494285.0
9461295.0
9234165.0
10524075.0
9961695.0
10064790.0
9590940.0
10040025.0
9816390.0
9821265.0
9733605.0
10787880.0
10145625.0
10327395.0
9786960.0
11299230.0
9985665.0
10577385.0
9619515.0
9534810.0
9624855.0
10868790.0
10608690.0
10745850.0
9752535.0
9567150.0
9687870.0
9478200.0
9385230.0
9985635.0
9842400.0
9146625.0
10305915.0
9448320.0
10230435.0
10252005.0
11106450.0
9295215.0
10479315.0
10732995.0
9956925.0
9878745.0
11392290.0
11823510.0
9987405.0
11095530.0
9732510.0
9379185.0
10227675.0
9957195.0
9356400.0
11230395.0
9390540.0
10413420.0
11098635.0
10717380.0
10046970.0
10285605.0
9939075.0
9100755.0
10022370.0
9801495.0
9375750.0
10126200.0
10370460.0
9378795.0
11219955.0
10021980.0
9415875.0
9819120.0
9377235.0
10245645.0
10868760.0
9344715.0
10146420.0
10099500.0
10223970.0
10046325.0
11207790.0
10354320.0
10146360.0
9980805.0
9811515.0
11361915.0
9543135.0
10295955.0
9829455.0
10291950.0
10646400.0
10720545.0
10322325.0
9968220.0
9907200.0
9086895.0
9780105.0
10192590.0
9360705.0
9704910.0
9862755.0
9935355.0
9342495.0
10425000.0
10317870.0
8982150.0
9968820.0
9852240.0
10441065.0
11017980.0
10576245.0
9344880.0
10737855.0
9613680.0
11355285.0
9962775.0
10201005.0
9589050.0
9333990.0
10025505.0
10638990.0
10728840.0
9609795.0
10732890.0
10203435.0
9921930.0
10448385.0
9386025.0
10174380.0
10103640.0
9899235.0
9957105.0
10693425.0
10270200.0
10934430.0
9100995.0
9806190.0
9074340.0
9877215.0
10000260.0
9796635.0
11357895.0
9938940.0
9804585.0
10322655.0
10397910.0
10317225.0
10072935.0
9999285.0
9229230.0
9081885.0
10677900.0
10188300.0
9505425.0
9941235.0
9901050.0
9329385.0
10210140.0
10587435.0
10251720.0
10100490.0
10578570.0
9532815.0
9671895.0
9071760.0
9283275.0
10723785.0
8809095.0
10107630.0
9064725.0
10056735.0
11003235.0
9386085.0
9634605.0
9523875.0
9612720.0
10966455.0
9076650.0
9156855.0
9326805.0
9298020.0
9774270.0
9786600.0
9285975.0
9863970.0
10200525.0
11018325.0
9731415.0
9082275.0
11302380.0
9404925.0
9316680.0
9397755.0
9826020.0
10058070.0
10534305.0
11282655.0
10430415.0
10686405.0
10460475.0
10404645.0
9214995.0
9529275.0
9069360.0
9864675.0
10660005.0
10173975.0
9178755.0
10711800.0
8973585.0
9974235.0
9687915.0
10119240.0
11098470.0
9734085.0
10118265.0
10676535.0
10808355.0
10321635.0
10274310.0
10988820.0
11172030.0
9186285.0
10096845.0
9750375.0
10765695.0
11207370.0
10230120.0
9470325.0
10346865.0
9584265.0
10457085.0
9749025.0
10739790.0
10121925.0
10217925.0
9839415.0
10138650.0
9745785.0
9473010.0
9824535.0
9959670.0
10268535.0
9882000.0
10245195.0
10503480.0
9164070.0
9842970.0
9388185.0
9369930.0
10645605.0
10216695.0
9507390.0
9821280.0
10306605.0
9341205.0
10808550.0
10789395.0
11151495.0
9765810.0
10929000.0
9039630.0
10328370.0
10723050.0
10437645.0
9599010.0
10415145.0
9821685.0
10595550.0
9688845.0
10646685.0
10152420.0
9629655.0
9690585.0
10213875.0
9266250.0
11388630.0
10853115.0
10630875.0
10163085.0
10939635.0
10930350.0
9384375.0
9713250.0
10272600.0
9809550.0
9754860.0
10424550.0
9488325.0
9765765.0
9800385.0
9633675.0
9960660.0
10760265.0
10028610.0
10373865.0
9473670.0
9747060.0
11115030.0
10499910.0
11071065.0
10638735.0
10463745.0
9841335.0
9736125.0
9670605.0
9554385.0
9837540.0
10476300.0
10642440.0
10048125.0
9804660.0
10541625.0
9117825.0
9758940.0
11658900.0
10162395.0
9904800.0
9829770.0
9556470.0
9542805.0
9707460.0
10058325.0
10314675.0
9915105.0
10172070.0
10219995.0
10376910.0
10372395.0
10632075.0
9468090.0
10141830.0
9408645.0
9974475.0
9723735.0
10476375.0
10438410.0
10518315.0
9091215.0
9887505.0
8835150.0
9881175.0
9357465.0
10550610.0
9999930.0
9516945.0
9788175.0
9081450.0
10497855.0
9470160.0
10222815.0
10609170.0
10493325.0
10008735.0
10150575.0
9157980.0
10025385.0
9623820.0
10623030.0
10493475.0
9936225.0
9807240.0
9797055.0
10091355.0
8793030.0
10404420.0
9519075.0
10002465.0
9974190.0
10053030.0
8810490.0
9700500.0
10576515.0
9720285.0
9537525.0
10037055.0
9648585.0
9655980.0
10238325.0
9450735.0
11222835.0
10229370.0
8629740.0
10632600.0
9573270.0
11904375.0
9161595.0
11486355.0
9233835.0
9972060.0
8897700.0
9871800.0
9730935.0
9811140.0
10155030.0
10062990.0
9604365.0
10421835.0
10150335.0
10173690.0
10955370.0
9443550.0
10634685.0
10721745.0
9755415.0
10325100.0
10033950.0
9809835.0
9508545.0
10758345.0
9779400.0
10610535.0
9807300.0
10680495.0
10461975.0
9128535.0
9832950.0
9679050.0
9681855.0
11027400.0
8920080.0
9068475.0
9431340.0
10482165.0
9275535.0
9305565.0
9933165.0
9520455.0
10448550.0
10422615.0
10417860.0
9259830.0
10181055.0
10939875.0
9306465.0
9707400.0
9964905.0
10053855.0
10028025.0
10806570.0
9550080.0
9228990.0
11277090.0
10631280.0
9726435.0
9438705.0
10362000.0
9978360.0
10864650.0
10210485.0
10117530.0
9610350.0
9923760.0
10308150.0
9478140.0
10734720.0
9873540.0
9959955.0
9284295.0
9468600.0
9484665.0
8883015.0
11100840.0
9775530.0
10836645.0
10441065.0
9213810.0
10727640.0
10154460.0
10721100.0
9969015.0
9562125.0
10224975.0
9969930.0
8960280.0
8887710.0
9782400.0
9628110.0
9310695.0
10893150.0
9604800.0
10796490.0
10386240.0
9363975.0
9728085.0
9182055.0
9785205.0
10049535.0
10273290.0
10154880.0
11307165.0
10741755.0
10217550.0
9481305.0
9103695.0
11755830.0
10003065.0
9759750.0
10605945.0
11572350.0
9868800.0
9348840.0
10257375.0
9640860.0
11003460.0
9659385.0
9130215.0
10099395.0
9599430.0
9321645.0
9841095.0
9786960.0
10395255.0
10866765.0
10497555.0
9831630.0
9678915.0
10661265.0
10230285.0
9232875.0
10020675.0
9968700.0
9618090.0
9662490.0
10800570.0
10135470.0
10044810.0
10359630.0
10901595.0
9603270.0
10238835.0
9978990.0
10036965.0
11100270.0
9847875.0
10357215.0
9717375.0
10977105.0
11254635.0
10208385.0
9499245.0
10642950.0
10976595.0
10507800.0
9250725.0
10011300.0
10072575.0
11464665.0
9277485.0
10173285.0
9396660.0
9473925.0
9743025.0
10129800.0
9377925.0
9560130.0
10818450.0
9986655.0
9972045.0
9902025.0
9820695.0
9973575.0
10307550.0
10154865.0
10001055.0
9974700.0
9625785.0
10768245.0
10419570.0
9256530.0
8875920.0
9436305.0
9014970.0
9636045.0
11134485.0
9804810.0
10409550.0
9707340.0
9590160.0
9281175.0
10189350.0
9921600.0
9817050.0
9357975.0
9913020.0
10162140.0
10237575.0
9977355.0
10179000.0
10122300.0
10606740.0
8916750.0
10418355.0
9988365.0
10306755.0
10855785.0
10141665.0
9548475.0
10415895.0
10352205.0
10007685.0
9424680.0
10085625.0
10014375.0
10266765.0
9870915.0
11599020.0
10210050.0
9958155.0
10334880.0
9582015.0
10782045.0
9618450.0
9947670.0
9893805.0
9805320.0
10114260.0
9614805.0
9666480.0
9749745.0
10611240.0
10247670.0
10420485.0
10398690.0
10581075.0
9294330.0
10001370.0
9409695.0
9711555.0
10644795.0
9861165.0
9939435.0
9749610.0
10002150.0
10901280.0
9996900.0
9360045.0
9961680.0
9223860.0
9377580.0
10948695.0
10615470.0
9879060.0
11191500.0
9990795.0
9864255.0
10144185.0
9404445.0
8997915.0
10608225.0
9663060.0
10111215.0
11273955.0
10342905.0
10261065.0
10009290.0
9851610.0
9795555.0
9523500.0
11165970.0
10010640.0
10950870.0
10149015.0
9348645.0
9556905.0
9472800.0
9422760.0
10910895.0
9253365.0
11458095.0
11137425.0
10518540.0
9144315.0
9301110.0
9860850.0
10060695.0
9387840.0
8807955.0
9926880.0
10514160.0
10835940.0
10775865.0
10035360.0
11752920.0
10263015.0
9804825.0
10184430.0
9608310.0
10215945.0
9706140.0
9982260.0
9636660.0
9313110.0
10518660.0
10691025.0
9643980.0
10031340.0
10391865.0
9976440.0
10251210.0
11400360.0
9381315.0
9970200.0
10353030.0
9661335.0
10405710.0
8846610.0
10389150.0
10259250.0
10357725.0
9185145.0
9661860.0
9725115.0
9598890.0
9849315.0
9803145.0
10459635.0
9791190.0
10187190.0
10219230.0
9655605.0
10510305.0
11006040.0
9403740.0
10794285.0
11667165.0
11462910.0
10742820.0
10568760.0
11486055.0
9361335.0
9996870.0
9407985.0
9428595.0
9788820.0
10085055.0
9565065.0
11169840.0
9112605.0
11298600.0
10977120.0
9857115.0
9160020.0
10059435.0
10426395.0
9728670.0
10473810.0
9836490.0
9928095.0
9549585.0
9823950.0
9577770.0
10504770.0
10049475.0
9201855.0
10422525.0
9302130.0
10054875.0
9459030.0
10191285.0
10526520.0
8937120.0
10294545.0
8783880.0
9982740.0
9537030.0
